//Homunculus LvUp experience value table
50
100
150
200
250
300
350
400
450
500
550
600
650
700
750
800
850
900
950
1000
1100
1200
1300
1400
1500
1600
1700
1800
1900
2000
2100
2200
2300
2400
2500
2600
2700
2800
2900
3000
3100
3200
3300
3400
3500
3600
3700
3900
4272
4512
4704
4896
5088
5280
5472
5664
5904
6048
6240
6432
6624
6720
7008
7392
7680
8064
8448
8736
9120
10450
12160
13300
14725
15485
16150
17100
17860
18525
19000
21850
24700
28500
33250
38000
45600
52250
57000
64600
71250
85500
95000
114000
142500
171000
199500
228000
266000
313500
380000
412400
426000
446200
452700
477900
492100
498400
511800
535300
543800
550700
561000
577600
586700
600000
611600
624100
637300
649800
663900
672000
690700
702500
710500
726400
745400
761100
768800
773500
794000
802000
819800
831800
837600
846900
852800
857300
865000
870100
876900
881400
882000
882600
883800
888700
890500
891600
892200
896600
909400
0    
